Marker	Tc	Th1	Th2	Th9	Th17	Th22	Treg	Tfh	ydT	NKT
CD1D	0	0	0	0	0	0	0	0	0	1
CD2	0	0	0	0	0	0	0	0	1	0
CD3E	1	1	1	1	1	1	1	1	1	1
CD3D	1	1	1	1	1	1	1	1	1	1
CD4	0	1	1	1	1	1	0.5	1	0	0.5
CD5	0	0	0	0	0	0	1	0	1	0
CD7	0	0	0	0	0	0	0	0	1	0
CD8A	1	0	0	0	0	0	0.5	0	0.5	0.5
MME	0	0	0	0	0	0	0	1	0	0
CCR1	0	1	0	0	0	0	0	0	0	0
CCR3	0	0	1	0	0	0	0	0	0	0
CCR4	1	0	1	0	1	1	1	0	0	0
CCR5	0	1	0	0	0	0	0	0	1	0
CCR6	1	0	0	0	1	1	0	0	1	0
CCR7	0	0	0	0	0	0	0	0	0	0
CCR8	0	1	1	0	0	0	0	0	0	0
CCR10 	0	0	0	0	0	1	0	0	0	0
CCL2 	0	0	0	0	0	0	0	1	0	
CCL7	0	0	0	0	0	1	0	0	0	0
CCL15	0	0	0	0	0	1	0	0	0	0
CCL20	0	0	0	0	1	0	0	0	0	0
FGFs (family) 	0	0	0	0	0	1	0	0	0	0
BTLA	0	0	0	0	0	0	0	1	0	0
CD14 	0	0	0	0	0	0	0	0	0	0
FCGR3A	0	0	0	0	0	0	0	0	1	1
FCGR3B	0	0	0	0	0	0	0	0	1	1
CD19 	0	0	0	0	0	0	0	0	0	1
CD24 	0	0	0	0	0	0	0	0	0	1
ENTPD1	0	0	0	0	0	0	1	0	0	0
CD40 	0	0	0	0	0	0	0	0	1	0
CD40LG	0	0	0	0	0	0	0	1	1	0
B3GAT1	0	0	0	0	0	0	0	1	0	0
SELL	0	0	0	0	0	0	1	0	0	1
CD73 	0	0	0	0	0	0	1	0	0	0
SLAMF5	0	0	0	0	0	0	0	1	0	0
CDH1 	0	0	0	0	0	0	0	0	1	0
ITGAE	0	0	0	0	0	0	1	0	0	0
IL7RA	0	0	0	0	0	0	1	0	0	0
CXCR3	1	1	0	0	0	0	0	0	0	0
CXCR4	0	0	1	0	0	0	0	1	1	0
CXCR5	0	0	0	0	0	0	0	1	0	0
CXCR6 	0	0	0	0	0	0	0	0	0	1
CXCL13 	0	0	0	0	0	0	0	1	1	0
CXCL16 	0	0	0	0	0	0	0	0	0	1
SLAMF1	0	0	0	0	0	0	0	1	0	0
CD160 	0	0	0	0	0	0	0	0	0	1
KLRB1	1	0	0	0	1	0	0	0	1	1
IL1RI 	0	0	0	0	1	0	0	0	0	0
TNFRSF4	0	0	0	0	0	0	1	1	0	0
IL2RA	0	0	0	0	0	0	1	0	0	0
CD27 	0	0	0	0	0	0	0	0	1	0
CD70	0	0	0	0	0	0	0	0	1	0
ILR6A 	0	0	0	0	1	1	0	1	0	0
NCAM1	0	0	0	0	0	0	0	0	0	1
KLRD1	0	0	0	0	0	0	0	0	1	1
CD44 	0	0	0	0	0	0	1	0	1	1
CD48 	0	0	0	0	0	0	0	0	0	1
CD84 	0	0	0	0	0	0	0	0	0	1
PTGDR2	1	0	1	0	0	0	0	0	0	0
NRP1	0	0	0	0	0	0	1	0	0	0
MICA 	0	0	0	0	0	0	0	0	0	1
MICB 	0	0	0	0	0	0	0	0	0	1
IL4RA	0	0	1	1	0	0	0	0	0	0
KLRF1	0	0	0	0	0	0	0	0	0	1
KLRF2	0	0	0	0	0	0	0	0	0	1
NCR1	0	0	0	0	0	0	0	0	0	1
NCR2	0	0	0	0	0	0	0	0	0	1
NCR3	0	0	0	0	0	0	0	0	0	1
NKG family 	0	0	0	0	0	0	0	0	0	1
IFNG 	1	1	0	0	0	0	0	1	1	1
PRF1 	1	0	0	0	0	0	1	0	0	1
GZMA 	1	0	0	0	0	0	1	0	1	1
GZMB 	1	0	0	0	0	0	1	0	1	1
CSF2	0	0	0	0	0	0	0	0	0	1
IL10 	1	0	1	1	0	1	1	1	1	1
IL12 	1	0	0	0	0	0	0	0	1	1
IL13 	1	0	1	0	0	1	0	0	1	1
IL15 	0	0	0	0	0	0	0	0	0	1
IL12RB2 	0	1	0	0	0	0	0	0	0	0
IL17RB 	0	0	1	1	0	0	0	0	0	0
IL18RA	0	1	0	0	0	0	0	0	1	0
IL21R 	0	0	0	0	1	0	0	1	0	0
IL23R 	0	0	0	0	1	0	0	0	1	0
IL27RA	0	1	0	0	0	0	0	0	0	0
IL17A 	1	0	0	0	1	0	0	1	1	1
IL17F 	0	0	0	0	1	0	0	1	0	0
IL17E 	0	0	0	0	0	0	0	0	0	1
IL2 	1	1	0	0	0	0	0	0	1	0
IL21 	1	0	1	0	1	1	0	1	0	1
IL22 	0	0	0	0	1	1	0	0	0	1
IL25 	0	0	0	0	1	0	0	0	0	0
IL26 	0	0	0	0	1	0	0	0	0	0
IL35 	0	0	0	0	0	0	1	0	0	0
IL4 	1	0	1	0	0	0	0	1	1	1
IL5 	1	0	1	0	0	0	0	0	1	0
IL6 	1	0	0	0	0	0	0	0	1	0
IL7 	0	0	0	0	0	0	0	0	1	
IL9 	1	0	1	1	0	0	0	0	0	0
LGALS1	0	0	0	0	0	0	1	0	0	0
TNFRSF18	0	0	0	0	0	0	1	0	0	0
TGFB1 	1	0	0	0	0	0	1	0	1	0
TGFBR2 	0	0	0	1	1	0	0	0	0	0
LLRC32 	0	0	0	0	0	0	1	0	0	0
FAS	0	0	0	0	0	0	0	0	1	0
TNF 	1	1	0	0	0	1	0	0	1	1
TNFR1 	0	0	0	0	0	1	0	0	0	0
AHR 	0	0	0	0	0	1	0	0	0	0
SPI1	0	0	0	1	0	0	0	0	0	0
FOXO4 	0	0	0	0	0	1	0	0	0	0
FOXP3 	0	0	0	0	0	0	1	0	0	0
CTLA4 	0	0	0	0	0	0	1	0	0	0
PDCD1	0	0	0	0	0	0	0	1	0	0
ICOS 	0	0	0	0	0	0	0	1	0	0
GATA3	1	0	1	0	0	0	0	0	1	0
IRF4 	1	0	1	1	1	0	0	0	0	0
RORA 	1	0	0	0	1	0	0	0	0	0
RORC 	1	0	0	0	1	0	0	0	1	0
BCL6 	0	0	0	0	0	0	0	1	0	0
GNLY	0	0	0	0	0	0	0	1	1	
LAG3	0	0	0	0	0	0	1	0	0	0
MAF	0	0	0	0	0	0	1	0	0	
PRDM1	1	0	0	0	0	0	0	0	0	0
ID2 	1	0	0	0	0	0	0	0	0	0
STAT1 	0	1	0	0	0	0	0	0	0	0
STAT3 	0	0	0	0	1	1	0	1	0	0
STAT4 	0	1	0	0	0	0	0	0	0	0
STAT5 	0	0	1	0	0	0	1	0	0	0
STAT6 	0	0	1	0	0	0	0	0	0	0
EOMES 	1	0	0	0	0	0	0	0	0	0
TBX21 	1	1	0	0	0	0	0	0	1	0
BATF 	0	0	0	0	1	1	0	0	0	0
IKZF2	0	0	0	0	0	0	0.5	0	0	0
ZBTB16	0	0	0	0	0	0	0	0	1	0